ap95:0.0002959422654612814
ap75:0.5117049244917138
ap50:0.8537734934340123